select count(*) from temp.appscore_4monthmid; ---------->215086733

select count(*) from temp.appscore_4month;    ---------->215046184

select count(*) from temp.appscore_4month_std_01 t1；---->215046184
select distinct t1.cat_name,t1.min_timecnt,t1.max_timecnt,t1.min_opencnt,t1.max_opencnt from temp.appscore_4month_std_01 t1;
阅读    0.01    720.0   1.0     186235.0
角色扮演        0.01    719.55  1.0     83268.0
棋牌中心        0.01    720.0   1.0     421421.0
生活    0.01    720.0   1.0     1481397.0
健康    0.01    719.35  1.0     1246234.0
安全    0.01    719.55  1.0     408399.0
视频    0.01    719.9999999999999       1.0     1417071.0
摄影    0.01    719.9000000000001       1.0     280834.0
美化    0.01    719.49  1.0     1299922.0
休闲益智        0.01    719.87  1.0     280502.0
娱乐    0.01    719.99  1.0     582593.0
工具    0.01    719.97  1.0     1789869.0
音乐    0.01    719.97  1.0     378456.0
体育竞速        0.01    716.29  1.0     40728.0
出行    0.01    718.04  1.0     154027.0
动作冒险        0.01    719.27  1.0     84039.0
购物    0.01    719.97  1.0     2206135.0
儿童    0.01    719.87  1.0     1546265.0
社交    0.01    719.87  1.0     687540.0
游戏    0.01    255.86  1.0     595.0
理财    0.01    719.6600000000001       1.0     814269.0
系统    0.01    719.9000000000001       1.0     436831.0
教育    0.01    719.99  1.0     545423.0
经营策略        0.01    719.21  1.0     55574.0
新闻    0.01    720.0   1.0     261519.0
旅游    0.01    719.64  1.0     97145.0
飞行射击        0.01    718.87  1.0     50325.0
通讯    0.01    718.97  1.0     195750.0
办公    0.01    717.53  1.0     543485.0
网络游戏        0.01    719.94  1.0     77623.0

select cat_name ,min(timecnt) as min_timecnt,max(timecnt) as max_timecnt,min(opencnt) as min_opencnt,max(opencnt) as max_opencnt from temp.appscore_4month group by cat_name;
办公    0.01    717.53  1.0     543485.0
视频    0.01    719.9999999999999       1.0     1417071.0
儿童    0.01    719.87  1.0     1546265.0
教育    0.01    719.99  1.0     545423.0
理财    0.01    719.6600000000001       1.0     814269.0
飞行射击        0.01    718.87  1.0     50325.0
休闲益智        0.01    719.87  1.0     280502.0
社交    0.01    719.87  1.0     687540.0
角色扮演        0.01    719.55  1.0     83268.0
健康    0.01    719.35  1.0     1246234.0
通讯    0.01    718.97  1.0     195750.0
体育竞速        0.01    716.29  1.0     40728.0
音乐    0.01    719.97  1.0     378456.0
棋牌中心        0.01    720.0   1.0     421421.0
阅读    0.01    720.0   1.0     186235.0
娱乐    0.01    719.99  1.0     582593.0
工具    0.01    719.97  1.0     1789869.0
网络游戏        0.01    719.94  1.0     77623.0
新闻    0.01    720.0   1.0     261519.0
经营策略        0.01    719.21  1.0     55574.0
美化    0.01    719.49  1.0     1299922.0
出行    0.01    718.04  1.0     154027.0
游戏    0.01    255.86  1.0     595.0
安全    0.01    719.55  1.0     408399.0
购物    0.01    719.97  1.0     2206135.0
摄影    0.01    719.9000000000001       1.0     280834.0
生活    0.01    720.0   1.0     1481397.0
动作冒险        0.01    719.27  1.0     84039.0
旅游    0.01    719.64  1.0     97145.0
系统    0.01    719.9000000000001       1.0     436831.0

select distinct month from dw_ods.exter_terminal_application where year=2018;